%YAML:1.0

camera_matrix: !!opencv-matrix
   rows: 3
   cols: 3
   dt: d
   data: [ 6.1996654686004956e+02 , 0., 3.9419903977376106e+02, 0.,
        6.2209932169782394e+02,  3.1639077964632492e+02, 0., 0., 1. ]

distortion_coefficients: !!opencv-matrix
   rows: 5
   cols: 1
   dt: d
   data: [  -4.2513443291123804e-01, 1.6447227593606387e-01,1.7282339882142416e-03, -1.3519196708502554e-03, 0.0 ]

