%YAML:1.0
---
model_type: PINHOLE
camera_name: camera
image_width: 800
image_height: 600
distortion_parameters:
   k1: -4.2513443291123804e-01
   k2: 1.6447227593606387e-01
   p1: 1.7282339882142416e-03
   p2: -1.3519196708502554e-03
projection_parameters:
   fx: 6.1996654686004956e+02
   fy: 6.2209932169782394e+02
   cx: 3.9419903977376106e+02
   cy: 3.1639077964632492e+02

Camera.fx: 619.96654686004956
Camera.fy: 622.09932169782394
Camera.cx: 394.19903977376106
Camera.cy: 316.39077964632492

Camera.k1: -0.42513443291123804
Camera.k2: 0.16447227593606387
Camera.p1: 0.0017282339882142416
Camera.p2: -0.0013519196708502554
